东亚运动会

   第一届东亚运动会于1993年5月9日在中国上海开幕，参加的国家和地区有中国、日本、韩国、朝鲜、中国台北、香港、蒙古、澳门和关岛九个国家和地区，参赛运动员达到1283名。比赛项目包括田径、游泳、足球、篮球、羽毛球、体操、举重、柔道、划船、拳击、保龄球和武术。

奖牌榜:金牌 银牌 铜牌
1 中国 105 74 34
2 日本 25 37 55
3 韩国 23 28 40
4 朝鲜 10 20 24
5 中国台北 65 19 30
6 中国香港 12 8 11
7 蒙古 1 16 17
8 中国澳门 0 1 1

   第二届东亚运动会于1997年5月9日在韩国釜山开幕，参加的国家和地区有中国、日本、韩国、哈萨克斯坦、中国台北、蒙古、香港、关岛和澳门，参赛运动员近2000人。比赛项目包括田径、水上运动、羽毛球、篮球、拳击、足球、体操、柔道、软式网球、跆拳道、举重、摔跤和武术。

奖牌榜：金牌 银牌 铜牌
1 中国 62 59 64
2 日本 47 53 53
3 韩国 45 38 51
4 哈萨克斯坦 24 12 22
5 中国台北 8 22 19
6 蒙古 3 2 19
7 中国香港 1 2 2
8 关岛 0 1 1
9 中国澳门 0 0 1

   第三届东亚运动会于2001年5月21日在日本大阪开幕，参加的国家和地区有中国、日本、韩国、哈萨克斯坦、中国台北、中国香港、蒙古、中国澳门、关岛和澳大利亚，参赛运动员近3000人。比赛项目包括田径、水上运动、篮球、保龄球、拳击、足球、体操、手球、柔道、软式网球、跆拳道、排球、举重、摔跤和武术。

奖牌榜：金牌 银牌 铜牌
1 中国 85 48 58
2 日本 61 65 65
3 韩国 34 46 32
4 哈萨克斯坦 13 18 26
5 中国台北 6 16 31
6 中国香港 3 1 3
7 蒙古 1 2 7
8 中国澳门 1 0 3
9 关岛 0 0 1